%YAML:1.0
---
model_type: PINHOLE
camera_name: camera
image_width: 640
image_height: 360
distortion_parameters:
   k1: 0
   k2: 0
   p1: 0
   p2: 0
projection_parameters:
   fx: 266.5301002590858
   fy: 266.8715007677809
   cx: 318.47193262796094
   cy: 183.10308431513303
